310 326 348 372 394 410 420 412 395 373 348 330 311 248 241 241 244 250 250 250 250 247 239 237 241 249 249 248 248 233 222 218 225 244 234 222 217 222 242 322 329 331 330 325 351 353 351 248 277 284 300 307 311 308 301 284 277 250 1 479 1 479
318 340 359 377 395 413 420 415 399 380 359 337 317 279 275 273 275 279 280 284 283 277 273 271 273 277 282 283 282 256 252 252 256 264 255 250 248 250 259 351 353 355 352 348 370 375 371 284 306 315 327 332 339 331 326 315 305 284 1 479 1 479
270 296 319 348 366 379 384 377 366 349 317 297 273 221 216 214 217 224 224 225 224 218 214 213 216 222 224 222 221 204 195 193 197 208 204 196 190 191 200 298 301 302 301 297 320 323 320 221 246 259 270 277 282 277 275 260 253 222 1 479 1 479
299 320 340 356 368 377 379 374 361 348 333 318 298 241 237 234 235 240 244 244 244 241 236 233 235 242 243 245 245 217 215 212 216 233 221 214 213 217 231 319 304 308 304 320 331 330 331 244 267 275 286 289 292 289 285 273 264 244 1 479 1 479
293 317 341 362 382 398 406 397 382 367 346 318 298 239 237 235 235 240 243 245 243 235 233 232 235 242 244 244 242 218 212 209 213 219 217 211 205 208 214 318 313 316 314 319 346 348 344 244 274 276 286 299 309 297 288 277 273 243 1 479 1 479
294 315 337 358 374 383 389 384 368 353 334 313 290 229 223 219 223 228 233 235 235 232 225 221 226 233 235 237 237 208 197 198 205 213 207 195 195 202 213 313 308 309 307 317 333 335 331 221 257 270 282 290 293 288 284 267 254 224 1 479 1 479
304 326 346 366 388 409 416 410 393 368 347 324 308 250 244 239 242 248 251 253 254 245 238 236 239 249 250 250 248 230 217 218 221 231 230 219 213 217 231 334 337 339 336 331 354 356 352 246 283 290 303 310 318 313 307 292 281 246 1 479 1 479
308 326 350 366 384 391 399 394 382 369 351 339 308 221 216 213 216 224 225 226 226 227 218 215 219 225 229 231 230 197 189 187 195 209 199 191 191 200 215 312 306 308 303 306 331 337 334 224 260 268 283 288 296 286 284 270 259 224 1 479 1 479
293 311 327 344 355 364 367 362 353 337 322 308 286 201 197 194 196 202 204 205 204 206 199 197 201 206 206 207 207 185 174 171 178 191 187 175 173 180 194 288 279 280 278 284 305 311 308 198 235 239 258 259 263 257 257 242 231 201 1 479 1 479
293 313 331 346 371 388 399 389 369 352 332 308 294 242 238 235 238 244 247 248 246 242 237 237 240 246 247 248 246 216 206 207 211 222 218 209 208 213 222 317 310 312 309 314 353 355 353 241 273 277 289 296 299 297 288 280 275 244 1 479 1 479
302 321 340 357 369 384 390 388 372 359 340 319 305 224 218 213 217 221 224 225 226 223 217 214 215 222 224 224 224 196 189 188 194 210 198 191 191 197 213 310 297 299 299 311 340 344 340 229 257 262 272 279 283 279 273 264 259 228 1 479 1 479
306 330 354 378 393 402 406 402 389 370 344 317 290 269 262 259 262 268 271 274 271 248 243 246 249 259 260 259 254 252 237 241 248 258 242 230 222 225 233 330 337 340 338 340 360 359 360 265 290 297 311 314 320 317 318 302 295 268 1 479 1 479
305 328 355 379 393 404 407 402 391 372 354 330 300 219 212 208 212 221 223 223 223 219 213 209 211 220 223 223 222 196 188 188 194 215 199 185 185 190 215 316 306 309 306 315 331 332 330 227 257 266 277 284 289 286 273 262 254 225 1 479 1 479
294 323 350 371 389 401 402 399 386 367 348 322 288 233 228 222 224 230 235 239 237 235 227 224 228 234 240 241 242 208 201 195 205 219 210 202 198 207 221 326 320 324 319 324 356 359 357 241 270 280 293 300 302 299 291 274 269 241 1 479 1 479
302 331 360 388 411 426 429 421 407 386 360 332 310 246 240 236 239 246 250 249 250 241 235 233 237 244 246 246 245 233 216 211 217 233 222 211 205 213 227 337 335 338 332 331 355 362 359 241 276 287 306 308 314 310 305 285 277 242 1 479 1 479
300 332 357 381 398 411 417 404 382 357 333 311 293 233 229 226 229 238 238 238 237 236 230 226 227 236 241 242 240 213 206 198 205 219 214 205 200 206 221 330 323 324 321 328 352 358 351 239 272 276 290 300 308 304 296 277 272 239 1 479 1 479
273 293 308 325 341 350 353 348 335 319 307 293 276 212 206 203 204 212 213 214 214 210 204 202 206 210 214 216 214 197 191 190 186 196 193 192 189 190 196 278 268 273 269 279 302 304 301 214 238 239 249 255 258 256 253 242 236 212 1 479 1 479
295 310 336 358 375 394 403 401 385 367 348 325 295 242 233 229 233 244 247 246 244 245 233 230 233 244 247 249 248 219 213 210 213 223 219 214 213 216 230 327 324 328 323 329 357 364 360 248 277 284 299 302 313 307 301 285 278 249 1 479 1 479
326 342 362 377 397 408 413 409 393 379 362 340 310 237 230 227 230 237 240 240 239 246 235 231 235 242 246 249 250 213 198 195 199 223 215 201 201 209 228 329 319 320 319 319 354 356 357 239 270 280 296 298 304 299 293 279 271 239 1 479 1 479
295 324 349 371 393 408 408 405 386 364 341 320 292 228 223 222 228 232 235 233 233 233 226 225 228 234 237 237 238 203 191 188 195 219 202 195 193 201 224 319 310 312 309 313 347 349 346 234 263 273 288 290 298 291 287 269 264 233 1 479 1 479
304 335 366 393 417 433 433 431 410 384 362 331 302 255 248 247 252 259 261 260 258 254 248 245 251 258 260 260 259 239 231 231 232 239 236 229 227 231 234 344 342 346 342 344 372 373 373 267 301 306 320 326 328 325 322 302 299 265 1 479 1 479
302 327 352 375 391 406 408 402 389 367 349 325 298 235 229 227 231 238 241 242 241 237 231 229 233 242 245 244 243 215 201 204 207 221 217 204 203 206 222 333 321 323 319 328 357 359 359 242 271 282 296 300 302 299 299 280 271 241 1 479 1 479
306 336 357 382 400 422 437 432 413 391 366 340 313 273 264 261 265 275 279 282 277 268 259 261 265 276 279 279 275 255 246 245 248 259 251 244 241 241 255 355 354 359 357 367 382 382 377 280 317 313 324 335 343 340 340 324 317 281 1 479 1 479
305 326 357 382 404 417 419 412 399 378 353 325 300 240 233 229 235 241 245 245 242 245 233 231 233 242 245 245 245 222 214 210 216 229 222 212 207 217 227 339 326 332 330 332 363 377 371 235 276 286 304 306 313 304 304 283 276 235 1 479 1 479
306 325 353 375 391 407 410 403 393 376 353 325 302 226 220 217 219 226 230 231 229 228 219 215 219 229 233 234 234 212 200 198 202 215 210 197 194 199 213 311 303 304 301 309 346 351 351 222 251 266 282 283 288 283 283 264 251 226 1 479 1 479
297 321 347 366 392 409 410 406 393 371 350 322 298 227 225 224 229 239 240 240 236 241 233 229 233 243 247 246 246 218 208 204 210 225 222 214 213 218 230 334 320 323 319 325 335 339 340 236 264 276 295 299 303 296 290 273 268 237 1 479 1 479
315 336 350 366 380 393 397 386 365 340 324 306 284 222 211 207 207 216 220 222 222 226 219 213 215 221 225 227 228 195 186 179 179 209 198 190 188 197 220 315 302 305 299 304 340 344 343 230 255 260 279 282 286 281 275 253 251 226 1 479 1 479
278 309 331 357 378 400 407 399 380 360 338 320 290 235 232 231 232 234 236 237 237 232 230 228 229 231 233 234 234 211 201 202 213 219 210 199 197 196 210 311 311 312 312 318 336 336 333 236 262 265 280 285 291 288 288 273 264 238 1 479 1 479
302 330 358 377 394 408 414 408 393 372 346 320 295 244 239 237 241 249 250 250 249 260 252 246 248 253 256 259 260 238 222 219 224 239 239 230 231 240 253 339 331 331 329 329 351 359 353 251 280 293 308 310 318 310 306 289 279 249 1 479 1 479
286 318 357 391 421 440 453 452 429 397 369 340 302 259 248 242 246 257 262 265 264 253 243 239 244 255 259 259 257 235 219 218 228 245 231 213 213 218 233 349 333 337 335 353 374 378 375 255 288 299 308 313 316 314 309 298 285 254 1 479 1 479
288 311 335 359 379 393 397 393 379 360 337 311 286 233 228 226 228 235 237 237 236 237 230 228 231 237 240 241 242 217 208 204 212 224 221 211 210 216 228 310 310 311 310 308 320 324 322 238 264 274 288 289 293 289 289 273 263 239 1 479 1 479
319 346 372 391 411 417 416 413 404 391 369 348 317 233 223 219 223 233 235 234 234 232 222 217 224 231 232 234 234 209 199 198 205 217 203 195 195 201 213 326 319 320 315 324 350 355 350 235 267 275 292 294 302 294 291 277 268 237 1 479 1 479
293 319 348 366 386 399 400 396 386 371 355 327 294 239 235 234 236 245 244 244 244 241 235 232 235 242 246 246 244 221 213 213 219 228 225 215 208 216 226 332 322 324 321 330 344 348 344 244 275 284 297 299 307 297 297 283 277 249 1 479 1 479
338 367 393 411 424 431 431 430 424 413 400 375 343 265 259 256 257 266 268 270 268 261 255 255 258 264 266 268 266 234 224 228 240 253 233 224 222 228 242 348 348 349 348 351 361 361 361 255 293 306 325 327 330 327 327 306 294 259 1 479 1 479
318 342 371 389 404 413 415 414 409 394 377 353 323 236 230 226 229 239 240 240 240 235 226 223 227 238 239 238 237 207 195 195 198 218 215 201 198 198 216 335 328 332 327 336 352 355 353 236 271 285 300 303 304 302 301 284 270 240 1 479 1 479
255 292 327 351 369 382 385 382 369 345 314 289 250 216 210 205 209 216 219 220 220 225 216 211 208 219 221 222 224 199 184 181 187 206 201 187 188 194 214 310 308 308 308 308 328 332 329 224 249 260 273 281 286 283 282 272 260 236 1 479 1 479
307 338 363 391 406 424 425 422 403 383 357 328 302 257 249 248 252 259 262 262 262 267 257 253 255 264 267 269 269 244 227 227 228 244 247 233 235 237 252 353 345 348 343 345 375 380 373 267 294 306 318 322 326 320 320 309 296 266 1 479 1 479
